ALPH56                                  PZ     0.00000000  0.00000000                                       1          2.00000000         33.15000000                                                                                                                                                                                                                                                                
MAV172                                  PZ     0.00000000  0.00000000                                       1          5.00000000         19.68000000                                                                                                                                                                                                                                                                
AMS83                                   PZ     0.00000000  0.00000000                                       1         25.00000000         19.68000000                                                                                                                                                                                                                                                                
AMS90                                   PZ     0.00000000  0.00000000                                       1          5.00000000         83.64000000                                                                                                                                                                                                                                                                
BRU57                                   PZ     0.00000000  0.00000000                                       1         60.00000000          9.23000000                                                                                                                                                                                                                                                                
BIOR14                                  PZ     0.00000000  0.00000000                                       1          5.00000000         41.82000000                                                                                                                                                                                                                                                                
AMS12                                   PZ     0.00000000  0.00000000                                       1         40.00000000         21.33000000                                                                                                                                                                                                                                                                
RAND21                                  PZ     0.00000000  0.00000000                                       1          5.00000000          7.38000000                                                                                                                                                                                                                                                                
ULTR1                                   PZ     0.00000000  0.00000000                                       1         10.00000000         15.38000000                                                                                                                                                                                                                                                                
VAR277                                  PZ     0.00000000  0.00000000                                       1         20.00000000         94.86000000                                                                                                                                                                                                                                                                
BIOR27                                  PZ     0.00000000  0.00000000                                       1          4.00000000         19.86000000                                                                                                                                                                                                                                                                
ALPH60                                  PZ     0.00000000  0.00000000                                       1          2.00000000         38.75000000                                                                                                                                                                                                                                                                
MAV66                                   PZ     0.00000000  0.00000000                                       1         20.00000000         18.81000000                                                                                                                                                                                                                                                                
