COL27                                   PZ     0.00000000  0.00000000                                       1         15.00000000         33.35000000                                                                                                                                                                                                                                                                
COL93                                   PZ     0.00000000  0.00000000                                       1         15.00000000         62.10000000                                                                                                                                                                                                                                                                
QUIFA27                                 PZ     0.00000000  0.00000000                                       1         15.00000000         23.87000000                                                                                                                                                                                                                                                                
QUIFA13                                 PZ     0.00000000  0.00000000                                       1         15.00000000         12.76000000                                                                                                                                                                                                                                                                
ALPH83                                  PZ     0.00000000  0.00000000                                       1         15.00000000        115.92000000                                                                                                                                                                                                                                                                
ALPH84                                  PZ     0.00000000  0.00000000                                       1         15.00000000        115.92000000                                                                                                                                                                                                                                                                
ULTR5                                   PZ     0.00000000  0.00000000                                       1         40.00000000         10.35000000                                                                                                                                                                                                                                                                
COL35                                   PZ     0.00000000  0.00000000                                       1         40.00000000          9.20000000                                                                                                                                                                                                                                                                
SER5                                    PZ     0.00000000  0.00000000                                       1         40.00000000         15.07000000                                                                                                                                                                                                                                                                
WERM7                                   PZ     0.00000000  0.00000000                                       1         15.00000000          9.77000000                                                                                                                                                                                                                                                                
ALPH72                                  PZ     0.00000000  0.00000000                                       1         10.00000000         41.32000000                                                                                                                                                                                                                                                                
NOV46                                   PZ     0.00000000  0.00000000                                       1         50.00000000          6.59000000                                                                                                                                                                                                                                                                
NOV47                                   PZ     0.00000000  0.00000000                                       1         30.00000000          9.17000000                                                                                                                                                                                                                                                                
ALPH44                                  PZ     0.00000000  0.00000000                                       1         10.00000000         25.30000000                                                                                                                                                                                                                                                                
FAR20                                   PZ     0.00000000  0.00000000                                       1         20.00000000         21.34000000                                                                                                                                                                                                                                                                
AMS138                                  PZ     0.00000000  0.00000000                                       1         10.00000000         39.85000000                                                                                                                                                                                                                                                                
RAAM35                                  PZ     0.00000000  0.00000000                                       1         10.00000000         19.32000000                                                                                                                                                                                                                                                                
RAAM21                                  PZ     0.00000000  0.00000000                                       1         15.00000000         45.69000000                                                                                                                                                                                                                                                                
AMS64                                   PZ     0.00000000  0.00000000                                       1         10.00000000         28.07000000                                                                                                                                                                                                                                                                
NOV27                                   PZ     0.00000000  0.00000000                                       1         20.00000000         19.95000000                                                                                                                                                                                                                                                                
MAV83                                   PZ     0.00000000  0.00000000                                       1         10.00000000         20.70000000                                                                                                                                                                                                                                                                
ALPH114                                 PZ     0.00000000  0.00000000                                       1         15.00000000         51.75000000                                                                                                                                                                                                                                                                
ALPH112                                 PZ     0.00000000  0.00000000                                       1         15.00000000         13.16000000                                                                                                                                                                                                                                                                
