AMS8                                    PZ     0.00000000  0.00000000                                       1         15.00000000         13.13000000                                                                                                                                                                                                                                                                
COL11                                   PZ     0.00000000  0.00000000                                       1         30.00000000         22.50000000                                                                                                                                                                                                                                                                
MAV22                                   PZ     0.00000000  0.00000000                                       1         10.00000000         31.00000000                                                                                                                                                                                                                                                                
RAAM9                                   PZ     0.00000000  0.00000000                                       1         30.00000000         24.63000000                                                                                                                                                                                                                                                                
AMS4                                    PZ     0.00000000  0.00000000                                       1          8.00000000         17.50000000                                                                                                                                                                                                                                                                
MAV13                                   PZ     0.00000000  0.00000000                                       1         15.00000000         43.38000000                                                                                                                                                                                                                                                                
MAV11                                   PZ     0.00000000  0.00000000                                       1         10.00000000         27.00000000                                                                                                                                                                                                                                                                
MAV163                                  PZ     0.00000000  0.00000000                                       1         10.00000000         80.00000000                                                                                                                                                                                                                                                                
AMS15                                   PZ     0.00000000  0.00000000                                       1         20.00000000         38.35000000                                                                                                                                                                                                                                                                
COL3                                    PZ     0.00000000  0.00000000                                       1         30.00000000         31.01000000                                                                                                                                                                                                                                                                
AMS28                                   PZ     0.00000000  0.00000000                                       1         10.00000000         13.65000000                                                                                                                                                                                                                                                                
RAAM7                                   PZ     0.00000000  0.00000000                                       1         20.00000000         22.38000000                                                                                                                                                                                                                                                                
COL15                                   PZ     0.00000000  0.00000000                                       1         15.00000000         31.25000000                                                                                                                                                                                                                                                                
