SON12                                   PZ     0.00000000  0.00000000                                       1          2.00000000         19.90000000                                                                                                                                                                                                                                                                
NOV6                                    PZ     0.00000000  0.00000000                                       1          2.00000000         38.39000000                                                                                                                                                                                                                                                                
COL78                                   PZ     0.00000000  0.00000000                                       1          5.00000000         18.70000000                                                                                                                                                                                                                                                                
COL45                                   PZ     0.00000000  0.00000000                                       1          3.00000000         12.95000000                                                                                                                                                                                                                                                                
MAV55                                   PZ     0.00000000  0.00000000                                       1          3.00000000         15.40000000                                                                                                                                                                                                                                                                
SER25                                   PZ     0.00000000  0.00000000                                       1         10.00000000         35.20000000                                                                                                                                                                                                                                                                
COL3                                    PZ     0.00000000  0.00000000                                       1          5.00000000         27.29000000                                                                                                                                                                                                                                                                
ALPH61                                  PZ     0.00000000  0.00000000                                       1          3.00000000         29.43000000                                                                                                                                                                                                                                                                
MAV203                                  PZ     0.00000000  0.00000000                                       1          5.00000000         25.52000000                                                                                                                                                                                                                                                                
NOV88                                   PZ     0.00000000  0.00000000                                       1          5.00000000         82.50000000                                                                                                                                                                                                                                                                
JAL32                                   PZ     0.00000000  0.00000000                                       1          3.00000000          7.17000000                                                                                                                                                                                                                                                                
