ALPH72                                  PZ     0.00000000  0.00000000                                       1         10.00000000         39.52000000                                                                                                                                                                                                                                                                
MAV99                                   PZ     0.00000000  0.00000000                                       1         10.00000000          7.15000000                                                                                                                                                                                                                                                                
COL45                                   PZ     0.00000000  0.00000000                                       1         10.00000000         12.95000000                                                                                                                                                                                                                                                                
LOE52                                   PZ     0.00000000  0.00000000                                       1          5.00000000         54.62000000                                                                                                                                                                                                                                                                
MVI77                                   PZ     0.00000000  0.00000000                                       1          5.00000000         37.44000000                                                                                                                                                                                                                                                                
VAR266                                  PZ     0.00000000  0.00000000                                       1          5.00000000         30.93000000                                                                                                                                                                                                                                                                
ALPH9                                   PZ     0.00000000  0.00000000                                       1          5.00000000         12.07000000                                                                                                                                                                                                                                                                
ALPH68                                  PZ     0.00000000  0.00000000                                       1          5.00000000         35.81000000                                                                                                                                                                                                                                                                
COL38                                   PZ     0.00000000  0.00000000                                       1          5.00000000         11.00000000                                                                                                                                                                                                                                                                
ALPH33                                  PZ     0.00000000  0.00000000                                       1        100.00000000          6.60000000                                                                                                                                                                                                                                                                
COL39                                   PZ     0.00000000  0.00000000                                       1          5.00000000         15.95000000                                                                                                                                                                                                                                                                
SON38                                   PZ     0.00000000  0.00000000                                       1         10.00000000         52.67000000                                                                                                                                                                                                                                                                
DEG33                                   PZ     0.00000000  0.00000000                                       1         10.00000000         37.38000000                                                                                                                                                                                                                                                                
