COL38                                   PZ     0.00000000  0.00000000                                       1         20.00000000         12.50000000                                                                                                                                                                                                                                                                
LOE6                                    PZ     0.00000000  0.00000000                                       1         30.00000000         19.75000000                                                                                                                                                                                                                                                                
BIOM31                                  PZ     0.00000000  0.00000000                                       1         30.00000000         14.34000000                                                                                                                                                                                                                                                                
ALPH8                                   PZ     0.00000000  0.00000000                                       1         15.00000000          4.50000000                                                                                                                                                                                                                                                                
ALPH47                                  PZ     0.00000000  0.00000000                                       1          2.00000000          5.91000000                                                                                                                                                                                                                                                                
FAR89                                   PZ     0.00000000  0.00000000                                       1          3.00000000         26.00000000                                                                                                                                                                                                                                                                
ALPH30                                  PZ     0.00000000  0.00000000                                       1          3.00000000         16.41000000                                                                                                                                                                                                                                                                
SELEC1                                  PZ     0.00000000  0.00000000                                       1         15.00000000          4.10000000                                                                                                                                                                                                                                                                
SELEC2                                  PZ     0.00000000  0.00000000                                       1         15.00000000          6.14000000                                                                                                                                                                                                                                                                
SELEC3                                  PZ     0.00000000  0.00000000                                       1         15.00000000          8.79000000                                                                                                                                                                                                                                                                
AMS54                                   PZ     0.00000000  0.00000000                                       1         10.00000000         14.39000000                                                                                                                                                                                                                                                                
JAL63                                   PZ     0.00000000  0.00000000                                       1         50.00000000          6.69000000                                                                                                                                                                                                                                                                